0.05
0.07884537 1.382051 -0.3973003 0.6139704 1.423656 -0.8619376
0.1215767 1.292 -0.409732 0.7315929 1.13373 -0.7365472
0.1296032 1.271498 -0.4088556 0.7487662 1.072273 -0.6933259
0.1371025 1.250404 -0.4065943 0.7622215 1.011167 -0.6431716
0.1439824 1.228994 -0.4027102 0.771366 0.9525427 -0.5869429
0.1494918 1.208763 -0.3975592 0.7755084 0.9004443 -0.5280199
0.1537949 1.189326 -0.3911355 0.7749877 0.8538148 -0.4654949
0.1572752 1.17053 -0.3834179 0.7700412 0.8124515 -0.4000008
0.1595655 1.153555 -0.3746534 0.7614298 0.7792853 -0.3339201
0.1606724 1.138875 -0.3651452 0.7500052 0.7549318 -0.2689598
0.161092 1.125179 -0.3548785 0.7351279 0.735822 -0.2036801
0.1609486 1.114086 -0.3443536 0.7193376 0.7250911 -0.1422097
0.1604797 1.106309 -0.3340367 0.7046599 0.723076 -0.08710015
0.1595568 1.099297 -0.3233456 0.6875498 0.7242532 -0.0325827
0.1586466 1.094584 -0.3131104 0.671369 0.7301092 0.01590449
0.1582366 1.093167 -0.3041849 0.6595963 0.7406031 0.05402565
0.1575159 1.092178 -0.2952503 0.6465092 0.7522686 0.0911752
0.1573296 1.09255 -0.2868844 0.634832 0.76576 0.1244265
0.1585838 1.095082 -0.2800929 0.628302 0.7807859 0.1495118
0.1595521 1.097785 -0.2733445 0.6210073 0.7962008 0.1739625
0.1610927 1.101271 -0.2668155 0.6146519 0.8135489 0.19738
0.1641024 1.106281 -0.2609127 0.6113404 0.8339368 0.2184458
0.1666338 1.111596 -0.255007 0.6070437 0.8541308 0.2386811
0.1713856 1.117262 -0.2474605 0.601989 0.8757163 0.2626507
0.1818862 1.123396 -0.235992 0.5959623 0.8997428 0.2955132
0.1915732 1.130207 -0.2240897 0.5878665 0.9226995 0.327154
0.2040097 1.136477 -0.2092857 0.5767239 0.9499831 0.3654159
0.225369 1.140461 -0.1862685 0.5595226 0.9907241 0.4219235
0.2476785 1.153924 -0.156206 0.5355819 1.014918 0.4776446
0.272064 1.165203 -0.1204864 0.5057262 1.039055 0.537895
0.3058195 1.169408 -0.06990051 0.4643509 1.07669 0.6158459
0.3318911 1.172034 -0.01865667 0.4196096 1.105221 0.6826413
0.3522552 1.169613 0.03430021 0.3716627 1.124789 0.7425314
0.3721532 1.152476 0.09823501 0.3136061 1.148879 0.805721
0.3806775 1.133759 0.1542967 0.2643042 1.168759 0.853732
0.3835958 1.108998 0.205402 0.2311373 1.17266 0.8958231
0.386396 1.060413 0.267651 0.2175613 1.132445 0.953423
0.3740662 1.010568 0.3229952 0.1930276 1.084388 1.005456
0.3604302 0.9655884 0.3721238 0.1732753 1.045965 1.05219
0.3684857 0.9244375 0.4601734 0.1938647 1.042108 1.13814
0.3448071 0.8776007 0.5431957 0.1837612 0.9853299 1.226157
0.2991133 0.8273323 0.6251938 0.1398391 0.8870143 1.314431
0.2714455 0.7350727 0.7682613 0.1171347 0.7344051 1.461201
0.1964668 0.7071182 0.8823941 0.04876989 0.694877 1.576665
0.1360812 0.7783468 0.9452939 0.03876242 0.8595918 1.643796
0.1235992 0.7683703 0.9530447 0.04548207 0.8443691 1.654542
0.1102821 0.761241 0.9581279 0.0504376 0.8382745 1.661307
0.09655675 0.7527814 0.9607685 0.05200529 0.8310827 1.664943
0.09211284 0.7211109 0.956953 0.03851047 0.7633209 1.663581
0.09653535 0.7194712 0.9450959 0.04099932 0.7576944 1.651801
0.1064341 0.74211 0.9271884 0.05190337 0.8019458 1.632471
0.1144629 0.7390411 0.918144 0.05303763 0.7898105 1.62357
0.1213169 0.7373769 0.9077172 0.05311799 0.7827086 1.612892
0.1273231 0.737047 0.8961909 0.05281487 0.7800887 1.60087
0.1333837 0.7365777 0.8889819 0.05386065 0.7740112 1.593433
0.1387416 0.7360457 0.8811896 0.05397373 0.7683925 1.585282
0.1429472 0.7355373 0.8736236 0.05322918 0.7637906 1.577278
0.145904 0.7375433 0.8681234 0.05204585 0.7652094 1.571262
0.148647 0.7396461 0.8626295 0.05075741 0.7669638 1.565231
0.1513524 0.741889 0.8567436 0.04928407 0.7689874 1.558759
0.1546752 0.7422145 0.8517398 0.04959515 0.7666505 1.553408
0.1580303 0.7424601 0.8464799 0.04990992 0.7640104 1.547781
0.161171 0.7427065 0.8412447 0.05011842 0.7614573 1.542168
0.164643 0.743603 0.8365397 0.05099517 0.7605784 1.537092
0.1680991 0.7445189 0.8316895 0.05184099 0.7596765 1.531855
0.171402 0.7453902 0.8268042 0.05257952 0.7586874 1.526577
0.1747372 0.7461548 0.822431 0.05361788 0.7577475 1.52184
0.1776769 0.7467936 0.8184724 0.0545259 0.7567766 1.517551
0.1808884 0.747463 0.8139607 0.0554812 0.7555441 1.512663
0.1835077 0.7479507 0.8104644 0.05642895 0.7544547 1.508881
0.1865651 0.7484654 0.8063667 0.05760086 0.7530227 1.504453
0.1894332 0.7489055 0.8023797 0.05869697 0.7514966 1.500147
0.1920767 0.7492145 0.7987049 0.05992189 0.7498552 1.496209
0.1946525 0.7494308 0.7951006 0.06127045 0.7480535 1.49237
0.1971228 0.7495948 0.7915487 0.06258944 0.7461886 1.48859
0.1995422 0.7494218 0.7881792 0.06449908 0.7440438 1.48511
0.2018388 0.7490387 0.7850392 0.06671044 0.7418087 1.481936
0.2040797 0.7486266 0.7819216 0.06890982 0.7395558 1.478789
0.2066159 0.7479929 0.7787273 0.07207181 0.7372971 1.475693
0.2092268 0.7472307 0.7756127 0.07571688 0.7351183 1.472754
0.2118602 0.7464224 0.7724252 0.07943362 0.7328677 1.469746
0.2146915 0.7455409 0.7689395 0.08348033 0.7306406 1.466463
0.2175143 0.744637 0.7654016 0.08755025 0.7285148 1.463131
0.220338 0.7436873 0.7617968 0.09165344 0.7263228 1.459734
0.2234192 0.7426031 0.7577878 0.09632429 0.7238368 1.45598
0.2264917 0.7414778 0.7536988 0.1011103 0.7212778 1.45216
0.2296434 0.7402782 0.7494 0.1060474 0.7185838 1.448135
0.2329003 0.7389904 0.7449062 0.11136 0.7156723 1.44395
0.2362921 0.7376102 0.7401354 0.1170409 0.7125452 1.439512
0.239721 0.7361766 0.7351633 0.1228155 0.7093257 1.43487
0.243119 0.7347167 0.7300535 0.1284907 0.706179 1.43007
0.2465566 0.7332121 0.7246948 0.1342089 0.7030342 1.425012
0.250082 0.7316655 0.7190312 0.1400891 0.6998143 1.419648
0.2532922 0.730173 0.7134787 0.1452755 0.6969748 1.414341
0.2563407 0.7286983 0.7078464 0.1500707 0.6943905 1.408922
0.2594517 0.7271903 0.7019 0.1550132 0.6917719 1.403196
0.2623195 0.7258735 0.696054 0.1592103 0.6899598 1.397521
0.2650734 0.7246924 0.6901016 0.1629515 0.6887921 1.391714
0.2677441 0.7235736 0.6841336 0.1666391 0.6877581 1.385897
0.2703255 0.7227113 0.6780604 0.1696601 0.6877773 1.379932
0.2728728 0.722091 0.6717294 0.172135 0.6888468 1.373672
0.2752924 0.7215593 0.6654699 0.1745502 0.6900775 1.367493
0.2775205 0.7212617 0.659126 0.1759594 0.6923099 1.361141
0.2796049 0.7212126 0.6524566 0.1763694 0.6957051 1.35436
0.2815102 0.7212682 0.6459574 0.1767426 0.699247 1.347752
0.2832984 0.7214838 0.6393194 0.1762383 0.703608 1.340886
0.2849492 0.7218901 0.6323417 0.1746764 0.7090138 1.33352
0.2863605 0.7224129 0.6255152 0.1730251 0.7146069 1.32628
0.2872486 0.7231646 0.6192527 0.1701463 0.720551 1.319437
0.2876474 0.7245119 0.6115681 0.164267 0.7291511 1.310662
0.2876932 0.7259853 0.6041681 0.1582983 0.7379156 1.302087
0.2871175 0.7287102 0.5974948 0.1506948 0.7480519 1.293908
0.2852273 0.7353201 0.5899833 0.1365505 0.7649564 1.283521
0.2830276 0.7420794 0.582478 0.1223123 0.7825222 1.272777
0.2800124 0.7504146 0.5743616 0.1052214 0.803893 1.260339
0.2756712 0.7620012 0.565134 0.08243296 0.8322863 1.244617
0.2710375 0.7739643 0.5549742 0.05947958 0.8619561 1.226895
0.2615038 0.8208634 0.5405349 0.004700571 0.953196 1.189008
0.2172684 0.9799863 0.5165751 -0.2115805 1.195017 1.03986
0.1677495 1.105463 0.4787385 -0.4190007 1.269811 0.8430067
0.1271766 1.185684 0.4318625 -0.5468969 1.163656 0.6534852
0.1077354 1.226734 0.3886509 -0.5362299 0.9586188 0.5205591
