0.05
-0.4485475 1.667721 -0.04176056 -0.9367152 1.982704 0.3662283
-0.4754561 1.629672 0.01714879 -1.008777 1.854899 0.4280241
-0.4753158 1.620179 0.04340863 -1.009143 1.827466 0.4629776
-0.4710581 1.610386 0.07237804 -1.000407 1.802887 0.5044775
-0.4641379 1.599346 0.1060164 -0.9852331 1.775246 0.5548997
-0.4495219 1.595254 0.1368148 -0.9487218 1.768278 0.6109866
-0.4304649 1.597496 0.1602852 -0.897813 1.777917 0.6632873
-0.4079898 1.59769 0.1870785 -0.8365037 1.780938 0.7225906
-0.3780427 1.604761 0.2114749 -0.7481271 1.794546 0.7867975
-0.3385023 1.62106 0.2302096 -0.6234989 1.817824 0.8499176
-0.3025135 1.630831 0.2457991 -0.5097222 1.819759 0.8979861
-0.253883 1.640751 0.2632484 -0.3559191 1.801353 0.9471873
-0.2006669 1.650083 0.2767391 -0.1900987 1.758999 0.9781682
-0.149523 1.651553 0.2869862 -0.03773531 1.687912 0.9870994
-0.1003072 1.64873 0.2938367 0.1061679 1.600668 0.9713581
-0.04957699 1.645895 0.2964842 0.2564319 1.506905 0.9217979
-0.006576471 1.639977 0.2949819 0.3723723 1.414124 0.8511882
0.03435876 1.634572 0.2901974 0.4774973 1.327985 0.7523764
0.06823315 1.636028 0.2837727 0.5683663 1.280582 0.640847
0.1000736 1.637338 0.2740811 0.638366 1.244895 0.5194515
0.1274209 1.642288 0.2627073 0.6931029 1.234309 0.3951254
0.1458641 1.654188 0.2499225 0.7350032 1.259477 0.2830196
0.1641359 1.66589 0.237198 0.7620125 1.288673 0.172172
0.1815169 1.683783 0.218543 0.7797041 1.334475 0.06319422
0.1936343 1.716356 0.1839701 0.7913213 1.408869 -0.04449981
0.2037488 1.747248 0.1474019 0.7861564 1.479589 -0.1577813
0.2091878 1.777216 0.1040216 0.76594 1.546012 -0.270877
0.1971354 1.812771 0.04270625 0.7257765 1.630772 -0.3947778
0.1697721 1.848062 -0.008094907 0.6484134 1.73572 -0.5202073
0.1297877 1.880398 -0.04253554 0.5314765 1.849625 -0.6270664
0.08470444 1.897942 -0.05780035 0.4152754 1.928506 -0.6853081
0.03602546 1.9147 -0.05857837 0.2738653 2.016023 -0.7197464
-0.007145002 1.92495 -0.04208648 0.1407578 2.088401 -0.7169095
-0.03912276 1.915074 -0.009812236 0.0777557 2.099503 -0.6853142
-0.07010645 1.901193 0.02594924 0.01373027 2.107063 -0.648266
-0.09965815 1.879932 0.06663966 -0.04438885 2.106948 -0.6037232
-0.1310496 1.834014 0.1247516 -0.08121037 2.085356 -0.5373065
-0.1544884 1.784689 0.1776825 -0.107179 2.060372 -0.4748035
-0.1740685 1.724601 0.2326645 -0.1268071 2.02989 -0.4065093
-0.1980648 1.641312 0.3122663 -0.215535 2.016175 -0.2903531
-0.2116386 1.54739 0.3806943 -0.2844498 1.981275 -0.1764587
-0.2165258 1.456222 0.4336596 -0.3367929 1.937936 -0.07375097
-0.1899225 1.319781 0.5883018 -0.601664 1.856077 0.371892
-0.08055995 1.165426 0.7073526 -0.6208753 1.599683 0.8605103
0.09784996 1.022249 0.7603067 -0.3606886 1.258508 1.248058
0.3417757 0.8977428 0.6604789 0.01314052 0.9212489 1.289306
0.5359362 0.8213276 0.44787 0.4275275 0.6652265 1.131871
0.6153818 0.7731701 0.1596783 0.750351 0.4902539 0.7966393
0.6416208 0.9190915 -0.07822263 1.057102 0.5265967 0.3428484
0.5337366 1.090732 -0.2940503 1.143644 0.7356397 -0.2172399
0.3103768 1.240686 -0.4329824 0.921289 1.032024 -0.7283198
0.2177241 1.311229 -0.4403944 0.7970754 1.218954 -0.8401632
0.1262118 1.370043 -0.4280303 0.6535904 1.393867 -0.9026683
0.02855274 1.419525 -0.397864 0.480749 1.561977 -0.9262607
0.00911057 1.429997 -0.3897862 0.452509 1.594699 -0.9191708
-0.008646831 1.439346 -0.3817565 0.427016 1.624487 -0.9108103
-0.02660584 1.448431 -0.3729801 0.4008759 1.654441 -0.9009919
-0.02318877 1.449067 -0.373539 0.41379 1.651611 -0.8950777
-0.01879269 1.449466 -0.3742031 0.4283663 1.647909 -0.8886408
-0.01422758 1.449883 -0.3746582 0.4430147 1.644474 -0.8816498
-0.0103267 1.446253 -0.3793521 0.4508 1.630643 -0.8866385
-0.006555229 1.442214 -0.3839974 0.4579781 1.61611 -0.8918816
-0.00286074 1.438044 -0.3882673 0.4650303 1.601606 -0.8965019
0.0003244132 1.432506 -0.3943379 0.46891 1.585762 -0.9051383
0.003147617 1.426645 -0.4001431 0.4718725 1.56989 -0.9137139
0.005525455 1.420889 -0.4051498 0.474112 1.554929 -0.9213254
0.01046635 1.413336 -0.4109232 0.4806064 1.535173 -0.928708
0.01511602 1.405917 -0.4158961 0.4866526 1.516281 -0.9349824
0.01960517 1.398109 -0.4203939 0.4922921 1.496994 -0.9407461
0.02668606 1.388699 -0.4252266 0.503465 1.473103 -0.9443941
0.03439969 1.378608 -0.4297491 0.5159663 1.447729 -0.9467529
0.04158148 1.368702 -0.4334888 0.5274915 1.423366 -0.9481546
0.05182372 1.358935 -0.4363599 0.5449832 1.397955 -0.9455242
0.06224677 1.349776 -0.4385315 0.562847 1.373876 -0.9413192
0.07321617 1.339789 -0.4404311 0.5814149 1.348016 -0.9360555
0.08628872 1.33153 -0.4407768 0.6041033 1.324844 -0.9263699
0.09996207 1.324578 -0.4401308 0.6278675 1.304131 -0.9143405
0.1143498 1.317 -0.4391158 0.6524339 1.281872 -0.9008614
0.129829 1.310245 -0.4372342 0.6789635 1.26081 -0.8844306
0.1473769 1.303706 -0.434305 0.7088457 1.239204 -0.8639208
0.1640703 1.297218 -0.431052 0.736547 1.218129 -0.8433539
0.1798528 1.291365 -0.4277154 0.7622237 1.198521 -0.8229388
0.1981128 1.284974 -0.4235134 0.7912579 1.176291 -0.7981392
0.2159121 1.278466 -0.4188328 0.8186172 1.154088 -0.7727454
0.2322801 1.272022 -0.4144826 0.8429179 1.132473 -0.7485863
0.2505205 1.26412 -0.4099894 0.8689358 1.106411 -0.7209038
0.268407 1.256048 -0.4049141 0.8932945 1.080321 -0.6923383
0.2866616 1.246599 -0.3997967 0.9167563 1.051251 -0.6620885
0.3042559 1.234944 -0.3960282 0.9376326 1.018054 -0.6321847
0.3215758 1.222991 -0.3915396 0.9567279 0.9848047 -0.6008868
0.3370042 1.211119 -0.3874719 0.9722424 0.9531341 -0.5715752
0.3525916 1.194888 -0.3853967 0.985566 0.9134898 -0.5407538
0.3678007 1.178264 -0.3824526 0.9968548 0.8741472 -0.5080749
0.3828683 1.160597 -0.3789757 1.006101 0.8339544 -0.4731177
0.3972829 1.141041 -0.3765742 1.012637 0.7923115 -0.4374368
0.4111617 1.120966 -0.3730526 1.016736 0.7514159 -0.3993216
0.4243316 1.100732 -0.3685913 1.018389 0.712158 -0.3594387
0.4375546 1.079699 -0.3635308 1.018061 0.6737819 -0.316408
0.4487527 1.060488 -0.3579019 1.01536 0.6407444 -0.2757559
0.4600418 1.039519 -0.3506613 1.009829 0.606935 -0.2299029
0.4718182 1.017784 -0.3417594 1.001981 0.5746192 -0.1789397
0.4814842 0.9980919 -0.3325739 0.9922014 0.5478827 -0.1314344
0.4905954 0.9774074 -0.3217456 0.9791666 0.5225361 -0.0801512
0.4992871 0.9566587 -0.3088714 0.963191 0.5003661 -0.02502704
0.5061036 0.9381073 -0.2960744 0.9461855 0.4834889 0.02583778
0.5121571 0.918597 -0.2813026 0.9253895 0.4689951 0.08073926
0.5171996 0.9000973 -0.2644621 0.9018276 0.4594387 0.1378549
0.5205408 0.8845066 -0.2485135 0.8789301 0.4548878 0.1884789
0.5228951 0.8681673 -0.2302613 0.8518473 0.4539121 0.2431946
0.5243441 0.8531674 -0.2106295 0.8228614 0.457982 0.2979895
0.5246583 0.8390869 -0.1894439 0.791333 0.4671854 0.3532823
0.5236111 0.8267027 -0.1687045 0.7598515 0.4803058 0.4041629
0.5205591 0.8145702 -0.1469786 0.7259114 0.4984177 0.4545655
0.5179155 0.8060591 -0.1249676 0.6925684 0.5211853 0.5013874
0.5136513 0.7980776 -0.1007574 0.6554284 0.5504646 0.5492921
0.5142474 0.8570232 0.05835724 0.4535453 0.6833603 0.74402
0.4561912 0.9684741 0.2388626 0.1309684 0.8379048 0.8562433
0.3449009 1.083147 0.3550992 -0.1802236 0.9316515 0.8081672
0.2043514 1.181646 0.3925264 -0.4157129 0.9400731 0.6397917
