0.05
0.1485247 1.035156 0.4034935 0.1863156 1.584622 0.8514175
-0.002530303 1.127663 0.5157551 -0.1292667 1.78646 0.7479219
-0.04284079 1.13597 0.5213494 -0.1806692 1.805111 0.7143016
-0.08382648 1.142219 0.5225571 -0.2341312 1.819037 0.6752129
-0.1214449 1.152945 0.5222089 -0.2887602 1.835946 0.619633
-0.1658625 1.154806 0.5133712 -0.3546481 1.837301 0.5637564
-0.2128282 1.151056 0.4974026 -0.4235657 1.828949 0.5027372
-0.2568259 1.147081 0.4769167 -0.4811839 1.819287 0.4347122
-0.3106913 1.133899 0.4425289 -0.5693009 1.788229 0.3479254
-0.3673918 1.113386 0.3947035 -0.6675029 1.736789 0.235705
-0.414452 1.09269 0.3429549 -0.7396397 1.680781 0.1140875
-0.4564271 1.066879 0.281112 -0.8026633 1.605094 -0.02617025
-0.4894568 1.03767 0.213479 -0.8456954 1.512139 -0.1763307
-0.5122239 1.008282 0.1448835 -0.8592141 1.412185 -0.3246239
-0.5222142 0.9840683 0.09036636 -0.8486685 1.321163 -0.4423366
-0.5243691 0.9646113 0.04981816 -0.8273109 1.240031 -0.5301371
-0.5235616 0.9462402 0.0120557 -0.8002026 1.16073 -0.6055537
-0.5185429 0.9375094 0.002763212 -0.7814319 1.120003 -0.6309268
-0.511566 0.9383091 0.02393258 -0.7764367 1.117294 -0.6099326
-0.5051112 0.9391729 0.04716411 -0.7737144 1.111912 -0.586863
-0.4988668 0.9405627 0.08851999 -0.7966512 1.110612 -0.5330787
-0.4888674 0.9418877 0.1477819 -0.8411486 1.114871 -0.4437854
-0.4735773 0.9426954 0.2054921 -0.8763955 1.116739 -0.3525612
-0.4553707 0.9362549 0.2793956 -0.9385892 1.093291 -0.2164035
-0.424307 0.9224857 0.3737615 -1.0116 1.039187 -0.007611513
-0.3718249 0.9124343 0.4638059 -1.033702 0.9882373 0.2185515
-0.2940674 0.9073871 0.5479749 -0.9981109 0.9435364 0.4643517
-0.1905069 0.909978 0.6181063 -0.8939319 0.9110746 0.7138631
-0.07051706 0.9216449 0.665253 -0.7266346 0.8937352 0.9348974
0.05271959 0.9404004 0.6821124 -0.5220349 0.8896415 1.095704
0.1666115 0.9604917 0.6702517 -0.3152628 0.8891098 1.186661
0.2778335 0.9851853 0.6381705 -0.09214224 0.9000815 1.238048
0.3799767 1.013042 0.5872726 0.1317725 0.9183278 1.245605
0.469123 1.043075 0.5205024 0.3437091 0.9395103 1.211533
0.5492806 1.077598 0.4356955 0.5558192 0.9724874 1.137754
0.6120549 1.108706 0.3440902 0.7416904 1.004929 1.034309
0.65968 1.13451 0.2493401 0.9003853 1.030514 0.9090542
0.690632 1.165837 0.1446363 1.038765 1.069707 0.7558154
0.7059053 1.190593 0.03773302 1.149381 1.102617 0.5850601
0.7078345 1.202395 -0.07490098 1.237311 1.117326 0.3902813
0.6895253 1.227289 -0.1831184 1.289303 1.159715 0.1906156
0.6517987 1.25246 -0.2847643 1.304623 1.207685 -0.009460449
0.5969434 1.256516 -0.3756318 1.284299 1.222211 -0.2014402
0.5246539 1.27044 -0.4563023 1.231167 1.260823 -0.3875786
0.4437033 1.286206 -0.5186985 1.152692 1.307323 -0.5481307
0.3858919 1.287066 -0.550905 1.089244 1.320873 -0.6410748
0.3170387 1.288782 -0.5801119 1.007454 1.340981 -0.7368898
0.2490082 1.291516 -0.6006828 0.9209318 1.364513 -0.8178627
0.2196652 1.300104 -0.6074427 0.8828632 1.381523 -0.8472694
0.1904302 1.307272 -0.6131332 0.8442077 1.3967 -0.874963
0.1636486 1.314441 -0.6173457 0.8082988 1.411206 -0.8984867
0.1616549 1.327602 -0.6164887 0.8065157 1.426793 -0.8962972
0.1584903 1.340002 -0.6156796 0.8031695 1.440817 -0.8953268
0.1561928 1.351488 -0.6145744 0.8011281 1.452642 -0.8935082
0.1703126 1.361585 -0.6099172 0.8221953 1.458135 -0.8739332
0.1830872 1.371248 -0.6049353 0.8411632 1.462533 -0.8550954
0.1951386 1.379947 -0.5996752 0.8589707 1.465107 -0.8364273
0.2110694 1.381638 -0.5943393 0.8819876 1.45918 -0.8130475
0.2263391 1.383079 -0.5886019 0.9036782 1.452746 -0.789438
0.2409424 1.384013 -0.5825732 0.9240965 1.44558 -0.7655696
0.2519572 1.380999 -0.5787164 0.9395638 1.437044 -0.74615
0.2630979 1.377913 -0.5743937 0.9548835 1.428377 -0.7255992
0.2738197 1.374924 -0.5697984 0.9693053 1.420006 -0.7048705
0.2844475 1.372252 -0.5645202 0.9833412 1.411908 -0.6826397
0.295028 1.369642 -0.5588229 0.9969214 1.403993 -0.6595327
0.3052416 1.367162 -0.5528916 1.009631 1.396496 -0.636272
0.3157307 1.364261 -0.546746 1.02217 1.389259 -0.6122879
0.3262037 1.36149 -0.5401273 1.034241 1.382355 -0.5873004
0.3362687 1.35895 -0.5332878 1.045385 1.376032 -0.5622498
0.3467241 1.355763 -0.5261602 1.056431 1.369523 -0.5363754
0.3566748 1.352855 -0.5189072 1.066459 1.363688 -0.5107566
0.3669011 1.350004 -0.5109454 1.076232 1.358071 -0.4833511
0.3782389 1.346196 -0.5018792 1.086435 1.35152 -0.4528083
0.3898025 1.342285 -0.4920366 1.096096 1.345146 -0.4204862
0.4006664 1.338727 -0.4821295 1.104412 1.339596 -0.3887524
0.4128941 1.333867 -0.4707602 1.112983 1.333063 -0.3530635
0.4247417 1.329026 -0.4590421 1.120333 1.327049 -0.317177
0.4360938 1.324429 -0.446991 1.126362 1.321759 -0.2811602
0.4476282 1.318904 -0.4345436 1.131711 1.315637 -0.244813
0.4601295 1.312594 -0.4202171 1.136316 1.309097 -0.2040307
0.4719816 1.306508 -0.4055295 1.139286 1.303357 -0.1633047
0.4853344 1.29892 -0.3882616 1.14134 1.296631 -0.1169151
0.4982333 1.291094 -0.3703035 1.141592 1.29031 -0.07019305
0.5104154 1.283402 -0.3516662 1.139744 1.284885 -0.02315354
0.5683474 1.284637 -0.1851828 1.052809 1.234652 0.3313209
0.5537784 1.275553 0.08431488 0.6852383 1.13377 0.7673908
0.4330949 1.258955 0.2813223 0.1935476 1.040496 0.9128839
0.2791604 1.245343 0.3734148 -0.2140877 0.9714136 0.8042816
0.1201859 1.23518 0.3821315 -0.491743 0.9050159 0.5253507
