0.05
0.2027057 1.414718 -0.5897388 0.8783949 1.53791 -0.7693083
0.1592807 1.44261 -0.5845435 0.8374987 1.516903 -0.7807029
0.1495594 1.446489 -0.5834932 0.8270344 1.510119 -0.7858703
0.1401751 1.449401 -0.5822357 0.8166462 1.502972 -0.7907881
0.1305505 1.452493 -0.580583 0.80573 1.496384 -0.7954878
0.1253479 1.450591 -0.5793693 0.8003103 1.489954 -0.7958275
0.1224789 1.446074 -0.5782631 0.7978714 1.484316 -0.7935774
0.1193311 1.442262 -0.5768196 0.7950187 1.480096 -0.7912781
0.1235117 1.43229 -0.5755405 0.8013741 1.480254 -0.7809172
0.1318818 1.418311 -0.5744418 0.8118976 1.485248 -0.7669927
0.1383772 1.406408 -0.5734142 0.8187937 1.492417 -0.7567524
0.1559338 1.385837 -0.5713279 0.8348772 1.511458 -0.7363514
0.1788853 1.358504 -0.5696555 0.8476505 1.543478 -0.7197078
0.1957005 1.332563 -0.5700878 0.8443046 1.578157 -0.7216586
0.2186748 1.293209 -0.5697399 0.8341805 1.606663 -0.7336804
0.2424684 1.239059 -0.5703908 0.8036438 1.622697 -0.775041
0.2596271 1.201132 -0.5735878 0.7495248 1.645577 -0.8313576
0.2815464 1.151155 -0.574239 0.6933995 1.631247 -0.8965224
0.3070144 1.085189 -0.5705705 0.637852 1.569561 -0.9704548
0.319752 1.013826 -0.568821 0.557403 1.47119 -1.056998
0.3370232 0.9396191 -0.5598981 0.4935878 1.341423 -1.12383
0.3636711 0.8678031 -0.5402396 0.4665225 1.197991 -1.160219
0.3823726 0.7909658 -0.5160876 0.4266153 1.029091 -1.183408
0.4099972 0.7203255 -0.4805416 0.4301331 0.8685197 -1.174523
0.451358 0.6597543 -0.4292754 0.4940062 0.7310575 -1.13431
0.4834247 0.6003087 -0.370661 0.5440681 0.589178 -1.077892
0.5171697 0.5492262 -0.2988449 0.6170021 0.4622525 -0.9963021
0.5539079 0.5134256 -0.2124429 0.7236595 0.3657718 -0.8857633
0.5772814 0.4849436 -0.1215229 0.808235 0.2765024 -0.7596375
0.5919909 0.4690703 -0.02356058 0.8839412 0.2041454 -0.6139483
0.5990341 0.4703597 0.07687187 0.9529161 0.1605985 -0.4549108
0.5933977 0.4811636 0.1777343 1.00031 0.1301129 -0.2861227
0.5751894 0.5025046 0.2748475 1.024335 0.1169035 -0.1170164
0.5439677 0.5357205 0.3667075 1.026639 0.1254122 0.04631376
0.5049473 0.5772181 0.4478009 1.01361 0.1502764 0.1968814
0.4580581 0.6264118 0.5186689 0.9917955 0.1934528 0.3407686
0.4030483 0.6830448 0.5797375 0.9653851 0.2602582 0.4848337
0.3457413 0.7463092 0.6294293 0.9295772 0.3427326 0.6139786
0.2867221 0.813209 0.6695743 0.8800358 0.4302878 0.7425674
0.2148311 0.8867654 0.7058445 0.793853 0.5259313 0.9020844
0.1375708 0.9633184 0.7287598 0.684503 0.637789 1.043201
0.05623255 1.040257 0.7373997 0.5510567 0.7614713 1.163316
-0.03164166 1.117259 0.7309434 0.3837005 0.8975128 1.26309
-0.1186474 1.192047 0.707984 0.2008782 1.042309 1.323987
-0.1996865 1.262832 0.6700199 0.0140586 1.191934 1.343269
-0.2702475 1.33092 0.6195869 -0.1665755 1.347982 1.321683
-0.3322727 1.39313 0.5581088 -0.3377801 1.497613 1.26027
-0.3809312 1.44649 0.4927392 -0.4832533 1.629774 1.170909
-0.4088484 1.486521 0.4401834 -0.5771458 1.726784 1.086656
-0.4309374 1.52285 0.385848 -0.6579134 1.816556 0.9909894
-0.4468141 1.55262 0.3347049 -0.7206944 1.887912 0.8973295
-0.4559795 1.568156 0.3016965 -0.7555065 1.912358 0.8455584
-0.4629978 1.583236 0.2684935 -0.7866789 1.9365 0.7923371
-0.4682554 1.597017 0.2360923 -0.8143726 1.95718 0.7405353
-0.4726083 1.606292 0.2098156 -0.8374943 1.964462 0.7023097
-0.4753698 1.615481 0.1838708 -0.858143 1.971978 0.6638416
-0.4769344 1.624209 0.1579078 -0.8773181 1.977851 0.6254622
-0.4782153 1.629623 0.1359083 -0.8944272 1.974993 0.5957609
-0.4781684 1.635112 0.1147366 -0.9092962 1.972733 0.5665311
-0.4771535 1.64015 0.0954318 -0.9216762 1.970561 0.5395098
-0.4767965 1.642349 0.07771981 -0.9337633 1.962697 0.5165086
-0.4753836 1.644887 0.06040382 -0.9442578 1.955548 0.4935595
-0.4728939 1.647789 0.0428654 -0.9534867 1.948788 0.4699571
-0.470642 1.649296 0.02926999 -0.9584715 1.943575 0.4528254
-0.467627 1.651119 0.01568967 -0.9625632 1.938795 0.435521
-0.4639878 1.653199 0.002711296 -0.9654183 1.93492 0.4188581
-0.4605827 1.655408 -0.006693423 -0.9629617 1.938103 0.4076446
-0.4568474 1.657677 -0.01598305 -0.9601496 1.941406 0.3965234
-0.4527431 1.660024 -0.02524394 -0.9569542 1.94485 0.3853923
-0.449134 1.663687 -0.03053337 -0.9466127 1.960622 0.3797371
-0.4452432 1.667317 -0.03605044 -0.9356875 1.976547 0.3736057
-0.4413665 1.67064 -0.04137325 -0.9250246 1.991401 0.3674841
-0.4375455 1.675252 -0.04193461 -0.9041589 2.020008 0.3672016
-0.4332579 1.679746 -0.04254836 -0.8812678 2.049072 0.3659388
-0.428865 1.683705 -0.04325563 -0.8585237 2.075802 0.3637212
-0.4233491 1.688389 -0.04204315 -0.8226137 2.115287 0.3608508
-0.4172889 1.692283 -0.04111272 -0.7849413 2.152462 0.3551748
-0.4107227 1.695343 -0.0405215 -0.7460216 2.186835 0.3467618
-0.4037206 1.696751 -0.03834158 -0.6974364 2.224284 0.3350435
-0.3963624 1.696749 -0.03667343 -0.6490364 2.256676 0.3191556
-0.3884039 1.6954 -0.03552341 -0.5997968 2.284894 0.2988212
-0.3816363 1.690808 -0.03229249 -0.550378 2.3071 0.2770419
-0.3746531 1.684744 -0.02932566 -0.5030415 2.323838 0.2518366
-0.3671398 1.677304 -0.02672416 -0.4569028 2.335793 0.2228991
-0.3623413 1.668167 -0.02155757 -0.4211339 2.339931 0.2003719
-0.3568513 1.657225 -0.01569211 -0.3848967 2.340535 0.1747749
-0.3506579 1.645471 -0.01002467 -0.3506784 2.33768 0.1475309
-0.3300936 1.576262 0.1317093 -0.2523086 2.2804 0.08569998
-0.2499032 1.4718 0.2651361 -0.3391945 2.101321 -0.05062896
-0.1340015 1.356684 0.3481928 -0.6133998 1.732868 -0.01600558
0.003147215 1.267286 0.3838418 -0.6968846 1.23488 0.2703402
